  9.5997757e+001  2.0370470e+001  8.5099978e+001  7.6106067e+001  7.3004113e+001  7.1135715e+001  7.0451682e+001  6.9936789e+001  6.9300855e+001  6.7857233e+001  6.6477029e+001  6.5798140e+001
  9.5413473e+001  1.5958395e+001  8.7780750e+001  7.7599167e+001  7.3578975e+001  7.2137351e+001  7.1556601e+001  7.1164739e+001  6.9731512e+001  6.8396034e+001  6.7308800e+001  6.5590040e+001
  9.5855459e+001  1.7686739e+001  8.6827581e+001  7.6894396e+001  7.3389227e+001  7.1971849e+001  7.1607247e+001  7.0581262e+001  6.9644568e+001  6.8663800e+001  6.7207279e+001  6.5526423e+001
  9.5586900e+001  1.6065387e+001  8.7658971e+001  7.7651618e+001  7.3682586e+001  7.2472547e+001  7.1560385e+001  7.0442404e+001  7.0008670e+001  6.8773984e+001  6.8002590e+001  6.6014013e+001
  9.6125149e+001  2.0722698e+001  8.4990717e+001  7.5780372e+001  7.2554884e+001  7.1346333e+001  7.0022001e+001  6.9811359e+001  6.9288483e+001  6.8377248e+001  6.6703971e+001  6.5680805e+001
  9.4800259e+001  1.1349834e+001  9.0528083e+001  7.9882535e+001  7.5255004e+001  7.3652453e+001  7.2899667e+001  7.2279954e+001  7.0719752e+001  6.9212555e+001  6.8060350e+001  6.5996327e+001
  9.5484765e+001  1.5206489e+001  8.8502564e+001  7.8181458e+001  7.4348537e+001  7.2769018e+001  7.2068508e+001  7.0794939e+001  7.0291242e+001  6.8990422e+001  6.7401410e+001  6.6030129e+001
  9.5878035e+001  1.8311328e+001  8.6419699e+001  7.7112175e+001  7.3392737e+001  7.1943172e+001  7.1269812e+001  7.0794238e+001  6.9533695e+001  6.8838055e+001  6.7227746e+001  6.5349171e+001
  9.4451937e+001  1.0430368e+001  9.1042482e+001  8.0492847e+001  7.5744167e+001  7.3193203e+001  7.2971251e+001  7.2271005e+001  7.0780419e+001  6.9489424e+001  6.7967104e+001  6.6132241e+001
  9.6081231e+001  1.9372888e+001  8.5926583e+001  7.6467498e+001  7.2591452e+001  7.1442678e+001  7.1031638e+001  6.9844671e+001  6.9440640e+001  6.8086371e+001  6.7373930e+001  6.5842456e+001
  9.6324810e+001  2.1009922e+001  8.4864466e+001  7.6005934e+001  7.2782474e+001  7.0837319e+001  7.0784545e+001  6.9826761e+001  6.9347816e+001  6.8234297e+001  6.7009550e+001  6.5484505e+001
  9.6096616e+001  1.9451781e+001  8.5783116e+001  7.6507839e+001  7.3434254e+001  7.1527651e+001  7.0832045e+001  7.0238038e+001  6.9360302e+001  6.8354718e+001  6.6941567e+001  6.5673948e+001
  9.6232228e+001  1.9720857e+001  8.5765275e+001  7.6483053e+001  7.2858592e+001  7.1105612e+001  7.0845617e+001  6.9917024e+001  6.9594848e+001  6.8387186e+001  6.6914946e+001  6.5687472e+001
  9.6153754e+001  1.9715169e+001  8.5802817e+001  7.6379691e+001  7.3091623e+001  7.1411407e+001  7.0761157e+001  6.9966178e+001  6.8986070e+001  6.8114342e+001  6.7348757e+001  6.5927610e+001
  9.5534755e+001  1.5574588e+001  8.7870804e+001  7.7909247e+001  7.4008337e+001  7.2172371e+001  7.1971161e+001  7.1106629e+001  7.0405190e+001  6.8817755e+001  6.7721078e+001  6.5735120e+001
  9.6222925e+001  2.0809807e+001  8.5164349e+001  7.5707809e+001  7.2588438e+001  7.1390206e+001  7.0330715e+001  6.9840676e+001  6.9021867e+001  6.8548197e+001  6.6909424e+001  6.5564254e+001
  9.5826850e+001  1.7524853e+001  8.7322473e+001  7.7043346e+001  7.3449290e+001  7.1884423e+001  7.1497421e+001  7.0675441e+001  6.9733805e+001  6.8631844e+001  6.7576919e+001  6.5700862e+001
  9.5913476e+001  1.8861133e+001  8.5962194e+001  7.6381941e+001  7.3293583e+001  7.1520047e+001  7.0626478e+001  6.9968100e+001  6.9457211e+001  6.8398597e+001  6.6912654e+001  6.5988941e+001
  9.5620636e+001  1.7001973e+001  8.7036809e+001  7.7077684e+001  7.3602533e+001  7.2151178e+001  7.1521297e+001  7.0626720e+001  7.0042020e+001  6.8683788e+001  6.7527118e+001  6.5862581e+001
  9.5126214e+001  1.3791592e+001  8.8680962e+001  7.9035731e+001  7.4482279e+001  7.2872118e+001  7.2408716e+001  7.1492249e+001  7.0714287e+001  6.8952493e+001  6.7803561e+001  6.6089975e+001
  9.6187846e+001  2.0345240e+001  8.5473016e+001  7.5861464e+001  7.2550214e+001  7.1106209e+001  7.0363190e+001  6.9946641e+001  6.9099285e+001  6.8143667e+001  6.6841447e+001  6.5268151e+001
  9.6208606e+001  2.0985521e+001  8.5400233e+001  7.5880468e+001  7.2214331e+001  7.1001724e+001  7.0743815e+001  6.9903165e+001  6.9103599e+001  6.8353271e+001  6.7004084e+001  6.5567026e+001
  9.5227288e+001  1.3212392e+001  8.8904398e+001  7.9089615e+001  7.4750510e+001  7.3225682e+001  7.2568639e+001  7.1597485e+001  7.0469106e+001  6.9422661e+001  6.7855046e+001  6.5775103e+001
  9.4799354e+001  1.1604150e+001  9.0562815e+001  7.9582582e+001  7.5410124e+001  7.3631312e+001  7.2990031e+001  7.1994982e+001  7.0721610e+001  6.9306673e+001  6.8015579e+001  6.5908782e+001
  9.4644336e+001  1.0498338e+001  9.1358212e+001  8.0489487e+001  7.5907051e+001  7.3941963e+001  7.2871130e+001  7.2256136e+001  7.1103844e+001  6.9817651e+001  6.8063525e+001  6.6090345e+001
  9.4470127e+001  9.1765754e+000  9.2339787e+001  8.1799870e+001  7.6179318e+001  7.4166296e+001  7.3641120e+001  7.2634379e+001  7.1249387e+001  6.9902774e+001  6.7743347e+001  6.6360896e+001
  9.5708750e+001  1.7919198e+001  8.6646664e+001  7.6589446e+001  7.3113996e+001  7.1819657e+001  7.1059108e+001  7.0613886e+001  7.0037530e+001  6.8762254e+001  6.6715664e+001  6.5646168e+001
  9.6140296e+001  1.9467003e+001  8.5970223e+001  7.6584166e+001  7.2938448e+001  7.1333308e+001  7.0781109e+001  6.9910929e+001  6.9118852e+001  6.8013982e+001  6.6878997e+001  6.5348109e+001
  9.6302347e+001  2.1065531e+001  8.5044947e+001  7.5516407e+001  7.2298378e+001  7.1325892e+001  7.0275931e+001  6.9913567e+001  6.8951616e+001  6.8274716e+001  6.6834068e+001  6.5530273e+001
  9.5890189e+001  1.8046450e+001  8.6525277e+001  7.6789221e+001  7.3256844e+001  7.1699056e+001  7.0659725e+001  7.0564057e+001  6.9651390e+001  6.8862989e+001  6.7351163e+001  6.5881905e+001
  9.6369931e+001  2.0834574e+001  8.5341764e+001  7.5164924e+001  7.2300659e+001  7.1289349e+001  7.0633350e+001  6.9919518e+001  6.8960884e+001  6.8173252e+001  6.7269398e+001  6.5498188e+001
  9.6272259e+001  2.1143597e+001  8.4956994e+001  7.5720570e+001  7.2496456e+001  7.1218562e+001  7.0283376e+001  6.9956976e+001  6.9096090e+001  6.7986081e+001  6.6913518e+001  6.5832809e+001
  9.5453211e+001  1.6350503e+001  8.7533996e+001  7.7419335e+001  7.3707759e+001  7.2234067e+001  7.1705727e+001  7.0967688e+001  6.9849306e+001  6.8921773e+001  6.7407627e+001  6.5707107e+001
  9.5944695e+001  1.9526424e+001  8.5800918e+001  7.6507385e+001  7.2715368e+001  7.1473601e+001  7.0989704e+001  7.0370502e+001  6.9575227e+001  6.8421093e+001  6.7141439e+001  6.5585364e+001
  9.5899993e+001  1.9648078e+001  8.5688845e+001  7.6396746e+001  7.2873232e+001  7.1305193e+001  7.1027331e+001  6.9817618e+001  6.9498251e+001  6.8287526e+001  6.7511079e+001  6.5640214e+001
  9.6044697e+001  1.8338599e+001  8.6162278e+001  7.6629204e+001  7.3237361e+001  7.2053342e+001  7.1184151e+001  7.0324395e+001  6.9618738e+001  6.8842014e+001  6.6926213e+001  6.5687762e+001
  9.6554543e+001  2.0800586e+001  8.5347325e+001  7.5766087e+001  7.2671842e+001  7.1070508e+001  7.0411423e+001  6.9394640e+001  6.9084066e+001  6.8508393e+001  6.6755051e+001  6.5447996e+001
  9.5219049e+001  1.4571821e+001  8.8709712e+001  7.8801642e+001  7.4573385e+001  7.2862252e+001  7.2209348e+001  7.1470318e+001  7.0455190e+001  6.9056611e+001  6.7770401e+001  6.6029620e+001
  9.6017727e+001  1.8754707e+001  8.6048742e+001  7.6477158e+001  7.3454472e+001  7.1635855e+001  7.1082536e+001  7.0488827e+001  6.9366227e+001  6.8614608e+001  6.7114831e+001  6.5671425e+001
  9.6233904e+001  2.1083036e+001  8.5420596e+001  7.5655035e+001  7.2693336e+001  7.1488453e+001  7.0210990e+001  6.9906863e+001  6.8860373e+001  6.8400330e+001  6.7431136e+001  6.5694508e+001
  9.6081457e+001  1.9430226e+001  8.5942266e+001  7.6465972e+001  7.3224758e+001  7.1481496e+001  7.0545954e+001  7.0054365e+001  6.9167319e+001  6.8824274e+001  6.6951218e+001  6.5670083e+001
  9.6149355e+001  1.8597624e+001  8.6347099e+001  7.6624086e+001  7.3150816e+001  7.1446751e+001  7.1202079e+001  7.0065436e+001  6.9392419e+001  6.8946925e+001  6.6998513e+001  6.5777239e+001
  9.5893792e+001  1.8770238e+001  8.6296898e+001  7.6114737e+001  7.2893823e+001  7.1517256e+001  7.1174011e+001  7.0003948e+001  6.9462232e+001  6.8194709e+001  6.7373796e+001  6.5702493e+001
  9.5843474e+001  1.8292478e+001  8.6923376e+001  7.7000052e+001  7.3021045e+001  7.2027279e+001  7.1283883e+001  7.0204235e+001  6.9372684e+001  6.8509216e+001  6.7474809e+001  6.5725241e+001
  9.5253318e+001  1.4368843e+001  8.8512167e+001  7.8368175e+001  7.3891401e+001  7.2815103e+001  7.2228863e+001  7.1279827e+001  7.0704776e+001  6.8783359e+001  6.7721981e+001  6.5647131e+001
  9.5177450e+001  1.4081510e+001  8.8830166e+001  7.9134744e+001  7.4534101e+001  7.2735135e+001  7.2304219e+001  7.1356280e+001  7.0230001e+001  6.9460392e+001  6.7833584e+001  6.5574470e+001
  9.6087224e+001  1.9376226e+001  8.5924687e+001  7.6079213e+001  7.3105890e+001  7.1376583e+001  7.0837532e+001  7.0848429e+001  6.9226073e+001  6.8437185e+001  6.6887579e+001  6.5898567e+001
  9.3267838e+001  3.3289472e+000  9.6738235e+001  8.8339177e+001  8.0612209e+001  7.7167200e+001  7.5719033e+001  7.4922946e+001  7.3011648e+001  7.1474787e+001  6.9456514e+001  6.6347935e+001
  9.4575851e+001  9.1183965e+000  9.1700789e+001  8.2022613e+001  7.6438043e+001  7.4330714e+001  7.3434206e+001  7.2258270e+001  7.1014964e+001  6.9625517e+001  6.8329545e+001  6.6180447e+001
  9.6017466e+001  1.9987160e+001  8.5423990e+001  7.5920727e+001  7.3098285e+001  7.1563607e+001  7.0185532e+001  7.0309341e+001  6.9408127e+001  6.8247994e+001  6.7240297e+001  6.5809679e+001
  9.6242174e+001  2.0463236e+001  8.5369623e+001  7.5716272e+001  7.2585706e+001  7.1775657e+001  7.0458842e+001  7.0196181e+001  6.9226596e+001  6.8535271e+001  6.6869407e+001  6.5720905e+001
  9.6168348e+001  1.9455124e+001  8.5827401e+001  7.6419861e+001  7.2792016e+001  7.1369145e+001  7.0777939e+001  7.0157260e+001  6.9305849e+001  6.8381053e+001  6.7200708e+001  6.5689656e+001
  9.6304203e+001  2.1070099e+001  8.5118159e+001  7.5843984e+001  7.2706430e+001  7.1113671e+001  7.0377942e+001  6.9638429e+001  6.8867631e+001  6.8048192e+001  6.6702762e+001  6.5628122e+001
  9.5776682e+001  1.8146465e+001  8.6322187e+001  7.6581212e+001  7.3601879e+001  7.1729571e+001  7.1251432e+001  7.0412401e+001  6.9216591e+001  6.8765807e+001  6.7297218e+001  6.5440589e+001
  9.6073521e+001  1.8819631e+001  8.6038833e+001  7.6443690e+001  7.3284720e+001  7.1326244e+001  7.1048365e+001  7.0376074e+001  6.9002278e+001  6.8465229e+001  6.6879034e+001  6.5611178e+001
  9.6002811e+001  1.9154934e+001  8.5907385e+001  7.6614534e+001  7.2626994e+001  7.1272445e+001  7.0938471e+001  7.0173224e+001  6.9561733e+001  6.8047377e+001  6.6877707e+001  6.5822147e+001
  9.4609274e+001  1.0165812e+001  9.1129474e+001  8.0514524e+001  7.5586134e+001  7.3566165e+001  7.3177028e+001  7.2400783e+001  7.0951115e+001  6.9506260e+001  6.7669728e+001  6.5975914e+001
  9.5967734e+001  1.7810274e+001  8.6945163e+001  7.7542980e+001  7.3373370e+001  7.1931104e+001  7.1348230e+001  7.0423407e+001  6.9596324e+001  6.8686357e+001  6.7271862e+001  6.5715370e+001
  9.6030867e+001  1.9381238e+001  8.6084545e+001  7.6461519e+001  7.3062147e+001  7.1480031e+001  7.0514206e+001  7.0412755e+001  6.9501374e+001  6.8507135e+001  6.6865639e+001  6.5841136e+001
  9.5888014e+001  1.7883193e+001  8.6942111e+001  7.6703641e+001  7.3510391e+001  7.1781825e+001  7.1441128e+001  7.0679973e+001  6.9445935e+001  6.8293761e+001  6.7149078e+001  6.5820485e+001
  9.5988826e+001  1.9438705e+001  8.5891055e+001  7.6179721e+001  7.2800213e+001  7.1536145e+001  7.0884733e+001  7.0101122e+001  6.9380066e+001  6.8631836e+001  6.6907967e+001  6.5682393e+001
  9.5964619e+001  1.7914252e+001  8.6878639e+001  7.6587790e+001  7.3313111e+001  7.1959259e+001  7.1618125e+001  7.0376776e+001  6.9477431e+001  6.8435719e+001  6.7111586e+001  6.6124828e+001
  9.6188449e+001  2.1373042e+001  8.5193317e+001  7.5844622e+001  7.2447171e+001  7.1373958e+001  7.0437712e+001  6.9885502e+001  6.8938276e+001  6.8159082e+001  6.7080822e+001  6.5663827e+001
  9.3824240e+001  6.2145070e+000  9.4185853e+001  8.4227054e+001  7.8398261e+001  7.5849581e+001  7.4194021e+001  7.3545135e+001  7.2291250e+001  7.0382164e+001  6.8622649e+001  6.6245204e+001
  9.6115441e+001  2.0011458e+001  8.5572952e+001  7.6075315e+001  7.2893866e+001  7.1190312e+001  7.0924090e+001  7.0150731e+001  6.9315631e+001  6.8577046e+001  6.6842454e+001  6.5637509e+001
  9.5927574e+001  1.8325766e+001  8.6581492e+001  7.6573651e+001  7.3221204e+001  7.1335238e+001  7.1355316e+001  7.0370329e+001  6.9361705e+001  6.8243481e+001  6.7367414e+001  6.5677268e+001
  9.5901268e+001  1.7929819e+001  8.6671919e+001  7.6980043e+001  7.3089428e+001  7.1899557e+001  7.0879652e+001  7.0614806e+001  6.9512158e+001  6.8384175e+001  6.6923358e+001  6.5676454e+001
  9.5898769e+001  1.7609980e+001  8.6612800e+001  7.7020672e+001  7.3619738e+001  7.1836309e+001  7.1015713e+001  7.0603869e+001  6.9567944e+001  6.8751965e+001  6.7252239e+001  6.5749547e+001
  9.6123718e+001  1.8842507e+001  8.6063433e+001  7.6598079e+001  7.3305990e+001  7.1339406e+001  7.0888055e+001  6.9975190e+001  6.9262508e+001  6.8535575e+001  6.6835958e+001  6.5997279e+001
  9.5420587e+001  1.5015480e+001  8.8238758e+001  7.8168750e+001  7.3746870e+001  7.2236820e+001  7.1910569e+001  7.0666315e+001  6.9938114e+001  6.8965366e+001  6.7593844e+001  6.5422402e+001
  9.6269439e+001  2.1421964e+001  8.5284564e+001  7.5943749e+001  7.2231279e+001  7.1171329e+001  7.0722078e+001  6.9474616e+001  6.9011408e+001  6.7940937e+001  6.7101049e+001  6.5900625e+001
  9.6150183e+001  1.9860850e+001  8.5751221e+001  7.6055246e+001  7.3054379e+001  7.1353613e+001  7.0489208e+001  7.0048403e+001  6.9363811e+001  6.8338853e+001  6.7100174e+001  6.5857873e+001
  9.5906685e+001  1.8997099e+001  8.5903419e+001  7.6672546e+001  7.2823885e+001  7.1850277e+001  7.1005594e+001  7.0222134e+001  6.9338500e+001  6.8587294e+001  6.7180970e+001  6.5906473e+001
  9.5592414e+001  1.6953952e+001  8.6990619e+001  7.7428148e+001  7.3495849e+001  7.1958127e+001  7.1569488e+001  7.0712890e+001  6.9409996e+001  6.8699147e+001  6.7489995e+001  6.5806156e+001
  9.6067030e+001  1.9363556e+001  8.6024515e+001  7.6418203e+001  7.2833419e+001  7.1894121e+001  7.0625702e+001  7.0262769e+001  6.9323617e+001  6.8303256e+001  6.7161333e+001  6.5872547e+001
  9.6305968e+001  2.0733818e+001  8.5088739e+001  7.5721210e+001  7.2755281e+001  7.1158591e+001  7.0592964e+001  6.9903329e+001  6.8876665e+001  6.8113308e+001  6.7024407e+001  6.5921670e+001
  9.4751970e+001  1.1027427e+001  9.0770728e+001  8.0268376e+001  7.5410857e+001  7.3863157e+001  7.3072510e+001  7.2185253e+001  7.0628635e+001  6.9229416e+001  6.7890045e+001  6.6202465e+001
  9.4849697e+001  1.0845080e+001  9.0944440e+001  8.0098607e+001  7.5805256e+001  7.3644245e+001  7.2830319e+001  7.2117101e+001  7.0675182e+001  6.9408957e+001  6.8184593e+001  6.5796212e+001
  9.5473002e+001  1.5613360e+001  8.7958929e+001  7.8005442e+001  7.4249504e+001  7.2219673e+001  7.1773611e+001  7.1224942e+001  6.9951015e+001  6.8882122e+001  6.7590218e+001  6.5623853e+001
  9.5357949e+001  1.5826208e+001  8.7492957e+001  7.7714382e+001  7.3811700e+001  7.2302806e+001  7.1716643e+001  7.0930150e+001  6.9896298e+001  6.9062897e+001  6.7803412e+001  6.5640905e+001
  9.6372064e+001  2.0894732e+001  8.5829315e+001  7.5588203e+001  7.2639275e+001  7.0827208e+001  7.0406147e+001  6.9779244e+001  6.9045210e+001  6.7990603e+001  6.6915454e+001  6.5349844e+001
  9.4687398e+001  1.0466005e+001  9.1459340e+001  8.0479809e+001  7.5807753e+001  7.3405083e+001  7.3010799e+001  7.2195290e+001  7.1317646e+001  6.9594836e+001  6.8092332e+001  6.5931888e+001
  9.6061397e+001  1.9624153e+001  8.5773775e+001  7.6242611e+001  7.2742404e+001  7.1449529e+001  7.0724107e+001  7.0149202e+001  6.9587262e+001  6.8280252e+001  6.7317183e+001  6.5823200e+001
  9.4834505e+001  1.1278679e+001  9.0782214e+001  8.0575610e+001  7.5932794e+001  7.3791606e+001  7.3289456e+001  7.2325754e+001  7.1052069e+001  6.9108334e+001  6.7748943e+001  6.5834393e+001
  9.5764020e+001  1.6995995e+001  8.7120989e+001  7.6901741e+001  7.3117695e+001  7.2210006e+001  7.1443378e+001  7.0635939e+001  6.9704556e+001  6.8804588e+001  6.7602574e+001  6.5796945e+001
  9.6182660e+001  1.9644977e+001  8.5639178e+001  7.6167708e+001  7.2978154e+001  7.1283358e+001  7.0273389e+001  6.9885901e+001  6.8956595e+001  6.8475351e+001  6.7104731e+001  6.5665168e+001
  9.5528904e+001  1.5410724e+001  8.7883524e+001  7.8454186e+001  7.4079519e+001  7.2331704e+001  7.1892703e+001  7.0733351e+001  7.0200955e+001  6.8805771e+001  6.7208357e+001  6.5913758e+001
  9.6182245e+001  2.0774006e+001  8.5335638e+001  7.6090348e+001  7.2314541e+001  7.1262729e+001  7.0645138e+001  7.0189187e+001  6.8696206e+001  6.8041983e+001  6.7141008e+001  6.5403701e+001
  9.5936412e+001  1.6827819e+001  8.7486865e+001  7.7056335e+001  7.3753479e+001  7.2417121e+001  7.1446750e+001  7.0763266e+001  6.9787344e+001  6.8580490e+001  6.6937236e+001  6.5820583e+001
  9.5068575e+001  1.2782320e+001  8.9026145e+001  7.9223505e+001  7.5108583e+001  7.2913073e+001  7.2672720e+001  7.1928802e+001  7.0552111e+001  6.9492032e+001  6.7745816e+001  6.5814232e+001
  9.4829754e+001  1.0760792e+001  9.0898277e+001  8.0138726e+001  7.5920386e+001  7.3752746e+001  7.2945808e+001  7.1973680e+001  7.0617016e+001  6.9913056e+001  6.8322777e+001  6.5765387e+001
  9.6281865e+001  2.1000349e+001  8.5043910e+001  7.5581687e+001  7.2520051e+001  7.1243114e+001  7.0143767e+001  6.9918816e+001  6.9140693e+001  6.8350329e+001  6.7226324e+001  6.5684523e+001
  9.6190548e+001  2.0084743e+001  8.5658221e+001  7.6088060e+001  7.2825845e+001  7.1258716e+001  7.0603562e+001  6.9887576e+001  6.9332287e+001  6.8116451e+001  6.6996555e+001  6.5651098e+001
  9.6148710e+001  1.9103002e+001  8.6376491e+001  7.6602463e+001  7.3041826e+001  7.1966266e+001  7.1003480e+001  7.0506727e+001  6.9099192e+001  6.8616019e+001  6.6976766e+001  6.5717902e+001
  9.6261038e+001  2.0153582e+001  8.5718850e+001  7.5951584e+001  7.2758931e+001  7.0933618e+001  7.0899022e+001  7.0074807e+001  6.9604304e+001  6.8206371e+001  6.6975564e+001  6.5500076e+001
  9.4455727e+001  1.0261531e+001  9.1066264e+001  8.0632640e+001  7.6049439e+001  7.4212072e+001  7.2977724e+001  7.2030715e+001  7.0792611e+001  6.9654335e+001  6.7880613e+001  6.5632132e+001
  9.6035813e+001  1.9111632e+001  8.5859920e+001  7.6569614e+001  7.3153850e+001  7.1740775e+001  7.0770112e+001  7.0315469e+001  6.9568354e+001  6.8466722e+001  6.7180424e+001  6.5814748e+001
  9.5732910e+001  1.7884162e+001  8.6581904e+001  7.7010064e+001  7.3245752e+001  7.1900053e+001  7.1508652e+001  7.0257665e+001  6.9845640e+001  6.8462419e+001  6.7350866e+001  6.5717570e+001
  9.5372111e+001  1.5997249e+001  8.8175752e+001  7.7937322e+001  7.3922820e+001  7.2357376e+001  7.1995724e+001  7.0944115e+001  6.9955022e+001  6.8387667e+001  6.7415433e+001  6.5637715e+001
  9.5029393e+001  1.2490769e+001  8.9790891e+001  7.9508471e+001  7.5146516e+001  7.3375079e+001  7.2801250e+001  7.1495603e+001  7.0633356e+001  6.9410309e+001  6.7903151e+001  6.5700365e+001
  9.5224635e+001  1.2872565e+001  8.9577134e+001  7.9404763e+001  7.5014655e+001  7.3387461e+001  7.2750277e+001  7.1732042e+001  7.0347085e+001  6.9101897e+001  6.8112714e+001  6.5705960e+001
  9.6272341e+001  2.1316967e+001  8.5001538e+001  7.5417311e+001  7.2617901e+001  7.0914406e+001  7.0592367e+001  6.9455620e+001  6.9000616e+001  6.8049576e+001  6.6873588e+001  6.5711708e+001
  9.5210701e+001  1.4621148e+001  8.8362180e+001  7.8499810e+001  7.4080349e+001  7.2961729e+001  7.1913882e+001  7.1031056e+001  7.0143402e+001  6.9107307e+001  6.7605665e+001  6.5873602e+001
  9.5772053e+001  1.9048878e+001  8.6125859e+001  7.6420574e+001  7.2814542e+001  7.1688581e+001  7.0454973e+001  7.0145766e+001  6.9348671e+001  6.8344809e+001  6.7083139e+001  6.5929872e+001
  9.5954874e+001  1.8718949e+001  8.6082522e+001  7.6792218e+001  7.2923253e+001  7.1973901e+001  7.0966358e+001  7.0113846e+001  6.8955589e+001  6.8395299e+001  6.7065588e+001  6.5751886e+001
  9.6320747e+001  2.1083182e+001  8.5041271e+001  7.5593574e+001  7.2442758e+001  7.0882322e+001  7.0436947e+001  6.9646846e+001  6.9045877e+001  6.8434104e+001  6.7046333e+001  6.5710370e+001
  9.6027737e+001  1.9166843e+001  8.6210654e+001  7.6278424e+001  7.2868897e+001  7.1538278e+001  7.0889394e+001  7.0527907e+001  6.9542505e+001  6.8323114e+001  6.7272157e+001  6.5625513e+001
  9.4026957e+001  6.4119642e+000  9.3398713e+001  8.4060529e+001  7.7804168e+001  7.5345555e+001  7.4302615e+001  7.3179334e+001  7.1635078e+001  7.0563558e+001  6.8038408e+001  6.6158390e+001
  9.5648010e+001  1.5938752e+001  8.7816450e+001  7.7868758e+001  7.3888175e+001  7.2430519e+001  7.1693173e+001  7.0718418e+001  6.9732214e+001  6.8676052e+001  6.7908189e+001  6.5608246e+001
  9.6078685e+001  2.0044457e+001  8.5650538e+001  7.6426948e+001  7.2886653e+001  7.1300807e+001  7.0629519e+001  7.0044132e+001  6.9267473e+001  6.8230262e+001  6.6853401e+001  6.5449731e+001
  9.6064659e+001  1.8721809e+001  8.6508854e+001  7.6704865e+001  7.3192318e+001  7.1813948e+001  7.1561560e+001  6.9901823e+001  6.9442833e+001  6.8346261e+001  6.7152520e+001  6.6184411e+001
  9.4504471e+001  8.9486325e+000  9.2189478e+001  8.1770561e+001  7.6692082e+001  7.4240771e+001  7.3378134e+001  7.2479070e+001  7.1798641e+001  6.9579226e+001  6.8333788e+001  6.6150128e+001
  9.4613341e+001  8.6772704e+000  9.2559173e+001  8.2059360e+001  7.6927440e+001  7.4267191e+001  7.3979813e+001  7.2831699e+001  7.1300654e+001  6.9528269e+001  6.8185982e+001  6.6306359e+001
  9.6228849e+001  2.1557998e+001  8.5156025e+001  7.5626282e+001  7.2371601e+001  7.0732195e+001  7.0484988e+001  6.9796530e+001  6.8981723e+001  6.8108588e+001  6.6596587e+001  6.5802009e+001
  9.6035863e+001  1.9049451e+001  8.5901188e+001  7.6273071e+001  7.2843368e+001  7.1771071e+001  7.0850890e+001  7.0048145e+001  6.9180386e+001  6.8509392e+001  6.7092881e+001  6.5300450e+001
  9.6056610e+001  1.9447900e+001  8.5858035e+001  7.6362690e+001  7.3031693e+001  7.1380450e+001  7.1198768e+001  6.9980134e+001  6.9067463e+001  6.8506008e+001  6.6578308e+001  6.5651041e+001
  9.6218795e+001  1.9398674e+001  8.5603432e+001  7.6484511e+001  7.2789529e+001  7.1605948e+001  7.1104956e+001  6.9660912e+001  6.9093261e+001  6.8396959e+001  6.7096818e+001  6.5525368e+001
  9.6046079e+001  1.9573077e+001  8.5934914e+001  7.6321147e+001  7.2946344e+001  7.1232546e+001  7.1187311e+001  7.0197368e+001  6.9214311e+001  6.8624342e+001  6.6845190e+001  6.5654027e+001
  9.6094679e+001  1.9715438e+001  8.5555530e+001  7.6236099e+001  7.2621164e+001  7.1550341e+001  7.0651138e+001  6.9984216e+001  6.9461319e+001  6.8294653e+001  6.7032364e+001  6.5462595e+001
  9.5887234e+001  1.8337775e+001  8.6157322e+001  7.6791356e+001  7.3275476e+001  7.1881833e+001  7.1639238e+001  7.0010396e+001  6.9426190e+001  6.8801537e+001  6.7345142e+001  6.5828237e+001
  9.6141755e+001  2.0552764e+001  8.5342021e+001  7.5632259e+001  7.2571058e+001  7.1159795e+001  7.0898864e+001  6.9637153e+001  6.9183288e+001  6.8329973e+001  6.6971915e+001  6.5430989e+001
  9.6195641e+001  2.0084723e+001  8.5458892e+001  7.6316549e+001  7.3132408e+001  7.1381451e+001  7.0508002e+001  6.9686383e+001  6.8976786e+001  6.8156182e+001  6.6968751e+001  6.5638752e+001
  9.6106831e+001  1.9126270e+001  8.6236641e+001  7.6628654e+001  7.3138446e+001  7.1511226e+001  7.0998497e+001  7.0237738e+001  6.9179634e+001  6.8455988e+001  6.7270529e+001  6.5973140e+001
  9.5553797e+001  1.6680835e+001  8.7229874e+001  7.7853116e+001  7.3373606e+001  7.1759335e+001  7.1803805e+001  7.0810912e+001  7.0034369e+001  6.9025021e+001  6.7557799e+001  6.5751748e+001
  9.6164043e+001  1.9437029e+001  8.5912282e+001  7.6112638e+001  7.3066163e+001  7.1815349e+001  7.0625992e+001  7.0325451e+001  6.9369651e+001  6.8083994e+001  6.7154998e+001  6.5663671e+001
  9.6063593e+001  1.9746461e+001  8.5471500e+001  7.6338101e+001  7.2662851e+001  7.1648382e+001  7.0818806e+001  7.0270398e+001  6.9452220e+001  6.8471032e+001  6.6954880e+001  6.5441021e+001
  9.5843419e+001  1.8152649e+001  8.6711202e+001  7.6847504e+001  7.3674366e+001  7.1918278e+001  7.1081056e+001  7.0502471e+001  6.9529981e+001  6.8302721e+001  6.7371324e+001  6.5998212e+001
  9.5755504e+001  1.7835643e+001  8.6670605e+001  7.6957857e+001  7.3464124e+001  7.1958612e+001  7.0877039e+001  7.0336373e+001  6.9405953e+001  6.8448285e+001  6.7251634e+001  6.5826751e+001
  9.6293487e+001  2.0742923e+001  8.5211344e+001  7.5566628e+001  7.2991547e+001  7.1177021e+001  7.0557620e+001  6.9926273e+001  6.9299607e+001  6.8192819e+001  6.7091903e+001  6.5536807e+001
  9.5447784e+001  1.5810702e+001  8.7541486e+001  7.7462633e+001  7.3652016e+001  7.2313013e+001  7.1883590e+001  7.1311170e+001  6.9742375e+001  6.8703775e+001  6.7520917e+001  6.5620864e+001
  9.5807748e+001  1.5685774e+001  8.8127609e+001  7.8308145e+001  7.4155386e+001  7.2586960e+001  7.1866574e+001  7.0724951e+001  6.9934551e+001  6.8811594e+001  6.7330916e+001  6.6040058e+001
  9.5948505e+001  1.7881191e+001  8.6789997e+001  7.7025010e+001  7.3271632e+001  7.2198279e+001  7.1334842e+001  7.0717517e+001  6.9432971e+001  6.8666875e+001  6.6966075e+001  6.5754914e+001
  9.6071299e+001  1.9391259e+001  8.5717802e+001  7.6548374e+001  7.3160642e+001  7.1277762e+001  7.1015249e+001  7.0180878e+001  6.8944896e+001  6.8436859e+001  6.7280716e+001  6.5611113e+001
  9.6530641e+001  2.1101375e+001  8.5067420e+001  7.5674446e+001  7.3058300e+001  7.0882698e+001  7.0569380e+001  6.9516056e+001  6.9154500e+001  6.8133126e+001  6.6829831e+001  6.5608047e+001
  9.6224713e+001  2.0520327e+001  8.5253211e+001  7.5625940e+001  7.2833897e+001  7.1146448e+001  7.0624232e+001  7.0034998e+001  6.9065697e+001  6.8272718e+001  6.7018419e+001  6.5543182e+001
  9.6117028e+001  1.9312728e+001  8.5874963e+001  7.6643348e+001  7.3297728e+001  7.1525327e+001  7.0733368e+001  7.0432443e+001  6.9221906e+001  6.8400376e+001  6.7094102e+001  6.5179720e+001
  9.6456733e+001  2.0608931e+001  8.5425568e+001  7.5866124e+001  7.2741446e+001  7.0920698e+001  7.0436259e+001  6.9741916e+001  6.9334889e+001  6.8519063e+001  6.7225806e+001  6.5720682e+001
  9.4860547e+001  1.0400744e+001  9.1304709e+001  8.0652188e+001  7.5550697e+001  7.3613724e+001  7.3039835e+001  7.2251708e+001  7.0840248e+001  6.9704907e+001  6.8123064e+001  6.5963312e+001
  9.6403011e+001  2.1321445e+001  8.5012375e+001  7.5247259e+001  7.2370882e+001  7.1170165e+001  7.0442739e+001  6.9630546e+001  6.8770947e+001  6.8741580e+001  6.6881892e+001  6.5751083e+001
  9.6142956e+001  2.0131524e+001  8.5363362e+001  7.6219718e+001  7.2658816e+001  7.1209271e+001  7.0908496e+001  7.0082210e+001  6.9485010e+001  6.8107185e+001  6.6846288e+001  6.5259777e+001
  9.5048333e+001  1.3618791e+001  8.8902614e+001  7.8942440e+001  7.5032472e+001  7.3331743e+001  7.2409439e+001  7.1573756e+001  7.0407943e+001  6.9234573e+001  6.7986689e+001  6.5613344e+001
  9.5706216e+001  1.7063743e+001  8.6907933e+001  7.7220023e+001  7.3322154e+001  7.1834333e+001  7.1602140e+001  7.1049233e+001  6.9903603e+001  6.8600565e+001  6.7357677e+001  6.5950288e+001
  9.5993790e+001  1.9784442e+001  8.5616353e+001  7.6189787e+001  7.3397660e+001  7.1937996e+001  7.0428491e+001  7.0073589e+001  6.9093313e+001  6.8373528e+001  6.6950072e+001  6.5442233e+001
  9.6081755e+001  1.9452338e+001  8.6075249e+001  7.6280314e+001  7.3013410e+001  7.1424759e+001  7.0693602e+001  7.0396807e+001  6.9778716e+001  6.8493838e+001  6.7298724e+001  6.5718092e+001
  9.6342753e+001  2.1137742e+001  8.5456230e+001  7.5583643e+001  7.2209572e+001  7.1307151e+001  7.0789436e+001  7.0092648e+001  6.8984044e+001  6.8664838e+001  6.6354786e+001  6.5570828e+001
  9.5820584e+001  1.6908692e+001  8.7253939e+001  7.7115654e+001  7.4027703e+001  7.1891256e+001  7.1615984e+001  7.0633869e+001  6.9560286e+001  6.8331371e+001  6.7280168e+001  6.5819347e+001
  9.5719858e+001  1.7587289e+001  8.7246674e+001  7.6893810e+001  7.3049277e+001  7.2180310e+001  7.1428917e+001  7.0709910e+001  6.9613222e+001  6.8643024e+001  6.7186304e+001  6.5736947e+001
  9.6109729e+001  2.0078712e+001  8.5793014e+001  7.6054081e+001  7.2839146e+001  7.1389551e+001  7.0901075e+001  7.0135394e+001  6.9101362e+001  6.8334109e+001  6.7072963e+001  6.5284910e+001
  9.6076522e+001  1.9476084e+001  8.5840098e+001  7.6279225e+001  7.3022652e+001  7.1455045e+001  7.0859220e+001  7.0433451e+001  6.9558755e+001  6.8441158e+001  6.7020802e+001  6.5643162e+001
  9.5892274e+001  1.9547010e+001  8.5672472e+001  7.6072738e+001  7.2745192e+001  7.1472272e+001  7.1216908e+001  6.9933830e+001  6.9501497e+001  6.8221039e+001  6.7025783e+001  6.5704647e+001
  9.5977288e+001  1.8280940e+001  8.6400079e+001  7.6881141e+001  7.3358365e+001  7.1917860e+001  7.1369749e+001  7.0325132e+001  6.9599324e+001  6.8288448e+001  6.6707801e+001  6.5903331e+001
  9.6235980e+001  2.0478940e+001  8.5366414e+001  7.5918547e+001  7.2952723e+001  7.1149148e+001  7.0950250e+001  6.9946391e+001  6.9015612e+001  6.8179627e+001  6.6703893e+001  6.5754063e+001
  9.5357549e+001  1.6146633e+001  8.7409603e+001  7.7860823e+001  7.3715748e+001  7.1809168e+001  7.1719092e+001  7.0872574e+001  6.9354108e+001  6.8677931e+001  6.7261762e+001  6.5969307e+001
  9.5050396e+001  1.3765162e+001  8.9019064e+001  7.8728803e+001  7.4599483e+001  7.2931132e+001  7.2131299e+001  7.1476973e+001  7.0588352e+001  6.9345841e+001  6.7377744e+001  6.6134597e+001
  9.6089561e+001  2.0104966e+001  8.5421321e+001  7.5524357e+001  7.2883580e+001  7.1121474e+001  7.0812935e+001  6.9738950e+001  6.9305615e+001  6.8123917e+001  6.7008247e+001  6.5977577e+001
  9.6316653e+001  1.9995800e+001  8.5313240e+001  7.5797152e+001  7.2987785e+001  7.1212708e+001  7.0691542e+001  6.9858373e+001  6.9477336e+001  6.8545483e+001  6.6798914e+001  6.5790926e+001
  9.5232358e+001  1.4138315e+001  8.8801444e+001  7.8479168e+001  7.4669745e+001  7.2618281e+001  7.1941921e+001  7.1235255e+001  7.0789163e+001  6.9169437e+001  6.7749033e+001  6.5815710e+001
  9.6000375e+001  1.9681202e+001  8.5605700e+001  7.5863696e+001  7.2925753e+001  7.1256949e+001  7.0849007e+001  7.0314907e+001  6.9031792e+001  6.8286518e+001  6.7415734e+001  6.5585306e+001
  9.6194843e+001  2.0660936e+001  8.5605908e+001  7.5614069e+001  7.2592711e+001  7.1033637e+001  7.0257731e+001  6.9701542e+001  6.9085628e+001  6.8233280e+001  6.7018563e+001  6.5444654e+001
  9.4511701e+001  9.8939026e+000  9.1538473e+001  8.1174796e+001  7.5878113e+001  7.3937946e+001  7.3327202e+001  7.2301072e+001  7.1213256e+001  6.9593933e+001  6.8118550e+001  6.6074921e+001
  9.6124432e+001  2.0018499e+001  8.5364898e+001  7.6042552e+001  7.2476375e+001  7.1091250e+001  7.0652017e+001  6.9871132e+001  6.9082991e+001  6.8299199e+001  6.6971151e+001  6.5750537e+001
  9.6269846e+001  2.0310680e+001  8.5232178e+001  7.6237544e+001  7.2909624e+001  7.1157114e+001  7.0626858e+001  7.0389958e+001  6.8924680e+001  6.8025070e+001  6.7369782e+001  6.5528096e+001
  9.5963538e+001  1.9436712e+001  8.6217168e+001  7.6250604e+001  7.2739458e+001  7.1482509e+001  7.1040618e+001  7.0277352e+001  6.9340271e+001  6.8457228e+001  6.7041051e+001  6.6034546e+001
  9.5108090e+001  1.3151569e+001  8.9214294e+001  7.9311761e+001  7.4305961e+001  7.3421122e+001  7.2119055e+001  7.1773137e+001  7.0513749e+001  6.9192682e+001  6.8195515e+001  6.5719318e+001
  9.6210401e+001  2.0257498e+001  8.5270874e+001  7.6086990e+001  7.2521217e+001  7.1565887e+001  7.0870975e+001  7.0056613e+001  6.9144123e+001  6.8536579e+001  6.7118383e+001  6.5360207e+001
  9.3807192e+001  6.6128821e+000  9.4112069e+001  8.3874386e+001  7.7975314e+001  7.5153511e+001  7.4371618e+001  7.3071130e+001  7.2158361e+001  6.9939437e+001  6.8659455e+001  6.6408736e+001
  9.5043852e+001  1.3582465e+001  8.9259478e+001  7.8701256e+001  7.4778145e+001  7.2713919e+001  7.2596618e+001  7.1453043e+001  7.0391369e+001  6.8696434e+001  6.7841661e+001  6.6166328e+001
  9.6053773e+001  1.9873994e+001  8.5708911e+001  7.6302837e+001  7.3116209e+001  7.1390813e+001  7.0637148e+001  6.9923128e+001  6.9035391e+001  6.8446524e+001  6.6999236e+001  6.5445265e+001
  9.6156828e+001  2.0080170e+001  8.5395144e+001  7.5685331e+001  7.2608471e+001  7.1354991e+001  7.0304971e+001  7.0208136e+001  6.9378586e+001  6.8393905e+001  6.6572009e+001  6.5484297e+001
  9.5553902e+001  1.6301236e+001  8.7462712e+001  7.7461594e+001  7.3356617e+001  7.2056202e+001  7.1862917e+001  7.0868731e+001  6.9953557e+001  6.9280256e+001  6.7259591e+001  6.6126713e+001
  9.5868248e+001  1.8147727e+001  8.6595149e+001  7.6912654e+001  7.3244597e+001  7.1534738e+001  7.1305330e+001  7.0442075e+001  6.9903091e+001  6.8424823e+001  6.7241794e+001  6.5945724e+001
  9.5708478e+001  1.6917146e+001  8.7205911e+001  7.7502379e+001  7.3869668e+001  7.2150476e+001  7.1313043e+001  7.0715308e+001  6.9656739e+001  6.8687061e+001  6.7344710e+001  6.5760264e+001
  9.4978624e+001  1.2027492e+001  9.0232752e+001  7.9475919e+001  7.5006349e+001  7.3331047e+001  7.2767171e+001  7.1615125e+001  7.0990838e+001  6.9596375e+001  6.7995065e+001  6.5803210e+001
  9.6355191e+001  2.1263020e+001  8.5243198e+001  7.5945729e+001  7.2491109e+001  7.1064245e+001  7.0491509e+001  7.0239033e+001  6.9090407e+001  6.8072013e+001  6.7171943e+001  6.5847644e+001
  9.6440676e+001  2.1425725e+001  8.4785157e+001  7.5927214e+001  7.2248326e+001  7.1019262e+001  7.0222998e+001  6.9601525e+001  6.9127415e+001  6.8361336e+001  6.6954264e+001  6.5315070e+001
  9.5535354e+001  1.7900555e+001  8.6822837e+001  7.7038924e+001  7.3169435e+001  7.1846120e+001  7.1149646e+001  7.0278455e+001  6.9602633e+001  6.8606600e+001  6.7333911e+001  6.5609228e+001
  9.6345863e+001  2.1228907e+001  8.5560443e+001  7.5984755e+001  7.2726387e+001  7.1062863e+001  7.0408292e+001  6.9450796e+001  6.8868788e+001  6.8285466e+001  6.6774179e+001  6.5492130e+001
  9.5656455e+001  1.6518369e+001  8.7165654e+001  7.7559465e+001  7.3699018e+001  7.2178825e+001  7.1525605e+001  7.0743148e+001  6.9598885e+001  6.8940408e+001  6.7393490e+001  6.5483959e+001
  9.6111362e+001  1.9703327e+001  8.5653364e+001  7.6213407e+001  7.3161657e+001  7.1341231e+001  7.0524044e+001  6.9922200e+001  6.9275587e+001  6.8676871e+001  6.7191638e+001  6.5743275e+001
  9.4829271e+001  1.3129304e+001  8.9162574e+001  7.9353862e+001  7.4870077e+001  7.3156341e+001  7.2631622e+001  7.1444177e+001  7.0482246e+001  6.9111087e+001  6.7927266e+001  6.6162675e+001
  9.5692655e+001  1.6348719e+001  8.7323268e+001  7.6914245e+001  7.3482368e+001  7.1817975e+001  7.1691913e+001  7.0800412e+001  7.0062477e+001  6.8640504e+001  6.7174670e+001  6.5981020e+001
  9.5547230e+001  1.4931465e+001  8.8224075e+001  7.8308323e+001  7.4151397e+001  7.2483402e+001  7.1968279e+001  7.1397295e+001  7.0196187e+001  6.9105078e+001  6.7288101e+001  6.5632548e+001
  9.6134384e+001  1.9594740e+001  8.5644948e+001  7.6303994e+001  7.2479451e+001  7.1510205e+001  7.1180166e+001  7.0344747e+001  6.9355808e+001  6.8270243e+001  6.6879562e+001  6.5980168e+001
  9.6121773e+001  2.0066469e+001  8.5500730e+001  7.6127401e+001  7.2870196e+001  7.1364002e+001  7.0617116e+001  6.9934081e+001  6.9296853e+001  6.8296362e+001  6.6845455e+001  6.5545510e+001
  9.6306082e+001  2.1130404e+001  8.5387643e+001  7.5820704e+001  7.2519082e+001  7.0844507e+001  7.0636596e+001  6.9815624e+001  6.8999361e+001  6.7874872e+001  6.7005377e+001  6.5688669e+001
  9.5785295e+001  1.7434224e+001  8.6918345e+001  7.7619183e+001  7.3854495e+001  7.1876819e+001  7.1259055e+001  7.1087096e+001  6.9577813e+001  6.9068307e+001  6.7459834e+001  6.5665168e+001
  9.6216229e+001  2.0131539e+001  8.5090297e+001  7.5752911e+001  7.2882909e+001  7.1595992e+001  7.0340351e+001  6.9948667e+001  6.9069040e+001  6.8048671e+001  6.6893155e+001  6.5721686e+001
  9.6368948e+001  2.0563989e+001  8.4973263e+001  7.5654888e+001  7.3183865e+001  7.1636965e+001  7.0211004e+001  6.9659332e+001  6.9234382e+001  6.8125254e+001  6.7122124e+001  6.5556736e+001
  9.6140167e+001  1.9683972e+001  8.5632916e+001  7.6305670e+001  7.3174626e+001  7.1265060e+001  7.0931789e+001  7.0103943e+001  6.8978790e+001  6.8222372e+001  6.7051262e+001  6.5268830e+001
  9.5673997e+001  1.6502616e+001  8.7215046e+001  7.7251421e+001  7.3615431e+001  7.2165281e+001  7.1566254e+001  7.0501480e+001  6.9668672e+001  6.8368367e+001  6.7365860e+001  6.5856625e+001
  9.6063055e+001  1.9330366e+001  8.5551767e+001  7.6291706e+001  7.2959703e+001  7.1395388e+001  7.1097868e+001  6.9947217e+001  6.9229572e+001  6.8771757e+001  6.6839680e+001  6.5593515e+001
  9.5405597e+001  1.4932208e+001  8.8216513e+001  7.8108086e+001  7.4109347e+001  7.2447971e+001  7.2118503e+001  7.1303390e+001  7.0021264e+001  6.8491181e+001  6.7794271e+001  6.5879896e+001
  9.5091240e+001  1.3173586e+001  8.9292183e+001  7.9120936e+001  7.4816093e+001  7.2864983e+001  7.2028024e+001  7.1429049e+001  7.0704421e+001  6.9148920e+001  6.7857462e+001  6.5991302e+001
  9.5847806e+001  1.7300864e+001  8.6656591e+001  7.7011512e+001  7.3557613e+001  7.2145262e+001  7.1362952e+001  7.0785400e+001  6.9608885e+001  6.8730388e+001  6.6756089e+001  6.5514940e+001
  9.5561628e+001  1.5117412e+001  8.7969242e+001  7.7849188e+001  7.4032116e+001  7.2594424e+001  7.2030525e+001  7.1099673e+001  6.9976530e+001  6.9071611e+001  6.7355204e+001  6.5692703e+001
  9.4841188e+001  1.3144792e+001  8.9316536e+001  7.9142591e+001  7.5050721e+001  7.3453930e+001  7.2538191e+001  7.1425299e+001  7.0498120e+001  6.9601751e+001  6.8129830e+001  6.6557599e+001
  9.5647741e+001  1.6634030e+001  8.7463069e+001  7.7263019e+001  7.3599682e+001  7.2195349e+001  7.1201196e+001  7.0795654e+001  6.9819325e+001  6.8910894e+001  6.7304341e+001  6.5602456e+001
  9.5729411e+001  1.7405863e+001  8.7134208e+001  7.6924131e+001  7.3457247e+001  7.2080000e+001  7.1092866e+001  7.0844481e+001  6.9850804e+001  6.8538970e+001  6.7850862e+001  6.5468663e+001
  9.6200924e+001  2.1236298e+001  8.4976297e+001  7.6121670e+001  7.2694126e+001  7.1241079e+001  7.0630211e+001  6.9955226e+001  6.9246533e+001  6.8330857e+001  6.6990323e+001  6.5597266e+001
  9.6019085e+001  1.7839003e+001  8.7225040e+001  7.6894061e+001  7.3282412e+001  7.1765110e+001  7.0870928e+001  7.0572629e+001  6.9576226e+001  6.8608989e+001  6.7292110e+001  6.5833440e+001
